4 5 0
4 7 0
4 9 0
4 11 0
4 13 0
4 15 0
4 17 0
4 19 0
4 21 0
4 23 0
4 25 0
4 27 0
4 29 0
4 31 0
4 33 0
4 35 0
4 37 0
4 39 0
4 41 0
4 43 0
4 45 0
4 47 0
4 49 0
4 51 0
4 53 0
4 55 0
4 57 0
4 59 0
4 61 0
4 63 0
4 65 0
4 67 0
4 69 0
4 71 0
4 73 0
4 75 0
4 77 0
4 79 0
4 81 0
4 83 0
4 85 0
4 89 0
4 91 0
4 93 0
4 95 0
4 97 0
4 99 0
4 101 0
4 103 0
4 105 0
4 107 0
4 109 0
4 111 0
4 113 0
4 115 0
4 117 0
4 119 0
4 121 0
4 123 0
4 125 0
4 127 0
4 129 0
4 131 0
4 133 0
4 135 0
4 137 0
4 139 0
4 141 0
4 143 0
4 145 0
4 147 0
4 149 0
4 151 0
4 153 0
4 155 0
4 157 0
4 159 0
4 161 0
4 163 0
4 165 0
4 167 0
4 169 0
4 171 0
4 173 0
4 175 0
4 177 0
4 179 0
4 181 0
4 183 0
4 185 0
4 187 0
4 189 0
4 191 0
4 193 0
4 195 0
4 197 0
4 199 0
4 201 0
4 203 0
4 205 0
4 207 0
4 209 0
4 211 0
4 213 0
4 215 0
4 217 0
4 219 0
4 221 0
4 223 0
4 225 0
4 227 0
4 229 0
4 231 0
4 233 0
4 235 0
4 237 0
4 239 0
4 241 0
4 243 0
4 245 0
4 247 0
4 249 0
4 251 0
4 253 0
4 255 0
4 257 0
4 259 0
4 261 0
4 263 0
4 265 0
4 267 0
4 269 0
4 271 0
4 273 0
4 275 0
4 277 0
4 279 0
4 281 0
4 283 0
4 285 0
4 287 0
4 289 0
4 291 0
4 293 0
4 295 0
4 297 0
4 299 0
4 301 0
4 303 0
4 305 0
4 307 0
4 309 0
4 311 0
4 313 0
4 315 0
4 317 0
4 319 0
4 321 0
4 323 0
4 325 0
4 327 0
4 329 0
4 331 0
4 333 0
4 335 0
4 337 0
4 339 0
4 341 0
4 343 0
4 345 0
4 347 0
4 349 0
4 351 0
4 353 0
4 355 0
4 357 0
4 359 0
4 361 0
4 363 0
4 365 0
4 367 0
4 369 0
4 371 0
4 373 0
4 375 0
4 377 0
4 379 0
4 381 0
4 383 0
4 385 0
4 387 0
4 389 0
4 391 0
4 393 0
4 395 0
4 397 0
4 399 0
4 401 0
4 403 0
4 405 0
5 2 0
5 4 0
5 228 0
8 1 0
10 1 0
12 1 0
14 1 0
16 1 0
18 1 0
20 1 0
20 183 0
21 182 0
21 186 0
21 190 0
22 1 0
22 181 0
22 187 0
22 191 0
23 180 0
23 184 0
24 1 0
24 193 0
24 197 0
25 178 0
25 186 0
25 190 0
25 194 0
25 196 0
25 198 0
25 202 0
26 1 0
26 177 0
26 187 0
26 189 0
26 199 0
26 201 0
27 176 0
27 188 0
27 196 0
27 200 0
27 202 0
28 1 0
28 175 0
28 195 0
28 201 0
29 174 0
29 192 0
29 194 0
29 198 0
30 1 0
30 173 0
30 191 0
30 193 0
30 199 0
30 207 0
30 209 0
31 152 0
31 154 0
31 170 0
31 172 0
31 202 0
32 1 0
32 197 0
32 199 0
32 203 0
32 207 0
32 209 0
33 92 0
33 94 0
33 152 0
33 154 0
33 166 0
33 168 0
33 190 0
33 192 0
33 196 0
33 204 0
33 206 0
34 1 0
34 95 0
34 165 0
34 167 0
34 169 0
34 171 0
34 193 0
34 195 0
34 199 0
35 92 0
35 96 0
35 164 0
35 168 0
35 200 0
35 206 0
36 1 0
36 93 0
36 161 0
36 163 0
36 189 0
36 191 0
36 195 0
36 201 0
36 207 0
37 94 0
37 96 0
37 168 0
37 170 0
37 194 0
38 1 0
38 135 0
38 167 0
38 189 0
38 191 0
38 201 0
38 207 0
38 243 0
38 245 0
39 58 0
39 60 0
39 166 0
39 194 0
40 1 0
40 57 0
40 135 0
40 155 0
40 157 0
40 189 0
40 191 0
40 201 0
40 207 0
40 243 0
40 245 0
41 58 0
41 60 0
41 132 0
41 146 0
41 162 0
41 188 0
41 194 0
41 200 0
42 1 0
42 79 0
42 145 0
42 147 0
42 155 0
42 157 0
42 161 0
42 163 0
42 189 0
42 191 0
42 195 0
43 132 0
43 146 0
43 156 0
43 192 0
43 196 0
43 200 0
43 206 0
44 1 0
44 79 0
44 81 0
44 161 0
44 163 0
44 189 0
44 197 0
44 199 0
45 80 0
45 138 0
45 140 0
45 190 0
46 1 0
46 135 0
46 137 0
46 141 0
46 183 0
46 191 0
46 195 0
46 205 0
47 180 0
47 184 0
47 196 0
47 200 0
47 202 0
47 204 0
47 234 0
47 246 0
48 1 0
48 135 0
48 137 0
48 141 0
48 189 0
48 191 0
48 199 0
48 203 0
48 233 0
48 235 0
48 245 0
48 247 0
49 60 0
49 62 0
49 138 0
49 180 0
49 184 0
49 188 0
49 192 0
49 202 0
49 232 0
50 1 0
50 159 0
50 181 0
50 183 0
50 201 0
50 205 0
50 207 0
50 233 0
50 235 0
50 247 0
50 315 0
51 60 0
51 62 0
51 140 0
51 182 0
51 188 0
51 192 0
51 194 0
51 202 0
51 208 0
51 256 0
51 258 0
51 314 0
51 316 0
52 1 0
52 141 0
52 201 0
52 205 0
52 209 0
52 247 0
52 253 0
52 259 0
53 126 0
53 142 0
53 144 0
53 188 0
53 202 0
53 250 0
53 252 0
53 264 0
53 266 0
54 1 0
54 125 0
54 127 0
54 145 0
54 191 0
54 195 0
54 197 0
54 199 0
54 245 0
54 247 0
54 249 0
54 261 0
54 263 0
55 42 0
55 126 0
55 130 0
55 132 0
55 134 0
55 136 0
55 146 0
55 166 0
55 186 0
55 190 0
55 194 0
55 202 0
55 204 0
55 228 0
55 234 0
55 266 0
55 332 0
55 334 0
56 1 0
56 41 0
56 43 0
56 129 0
56 139 0
56 147 0
56 161 0
56 163 0
56 165 0
56 167 0
56 185 0
56 187 0
56 189 0
56 193 0
56 197 0
56 199 0
56 205 0
56 207 0
56 227 0
56 231 0
56 233 0
56 239 0
56 257 0
56 259 0
56 261 0
56 263 0
56 315 0
57 42 0
57 126 0
57 128 0
57 136 0
57 140 0
57 148 0
57 150 0
57 152 0
57 168 0
57 170 0
57 184 0
57 204 0
57 226 0
57 232 0
57 240 0
57 242 0
57 252 0
57 314 0
57 316 0
57 332 0
57 334 0
58 1 0
58 131 0
58 133 0
58 137 0
58 141 0
58 145 0
58 165 0
58 169 0
58 181 0
58 183 0
58 187 0
58 189 0
58 207 0
58 227 0
58 229 0
58 241 0
58 243 0
58 247 0
58 251 0
58 253 0
58 263 0
59 128 0
59 130 0
59 136 0
59 142 0
59 146 0
59 170 0
59 180 0
59 184 0
59 196 0
59 198 0
59 204 0
59 206 0
59 226 0
59 244 0
59 250 0
59 262 0
59 264 0
59 314 0
59 316 0
60 1 0
60 127 0
60 137 0
60 141 0
60 143 0
60 145 0
60 147 0
60 149 0
60 159 0
60 165 0
60 171 0
60 187 0
60 193 0
60 195 0
60 201 0
60 205 0
60 209 0
60 211 0
60 213 0
60 225 0
60 229 0
60 247 0
60 251 0
60 263 0
61 126 0
61 132 0
61 134 0
61 138 0
61 140 0
61 150 0
61 154 0
61 158 0
61 172 0
61 180 0
61 186 0
61 200 0
61 202 0
61 212 0
61 224 0
61 242 0
61 244 0
61 332 0
61 334 0
62 1 0
62 125 0
62 127 0
62 129 0
62 135 0
62 139 0
62 141 0
62 145 0
62 153 0
62 155 0
62 165 0
62 173 0
62 183 0
62 187 0
62 189 0
62 193 0
62 195 0
62 201 0
62 213 0
62 223 0
62 229 0
62 247 0
62 325 0
63 124 0
63 126 0
63 142 0
63 148 0
63 160 0
63 174 0
63 188 0
63 214 0
63 222 0
63 324 0
63 326 0
63 332 0
63 334 0
64 1 0
64 123 0
64 143 0
64 151 0
64 155 0
64 169 0
64 175 0
64 181 0
64 187 0
64 189 0
64 191 0
64 205 0
64 209 0
64 221 0
64 225 0
64 227 0
64 247 0
64 325 0
65 128 0
65 132 0
65 146 0
65 158 0
65 168 0
65 170 0
65 180 0
65 182 0
65 196 0
65 198 0
65 210 0
65 220 0
65 246 0
66 1 0
66 113 0
66 135 0
66 137 0
66 143 0
66 145 0
66 149 0
66 151 0
66 153 0
66 155 0
66 167 0
66 179 0
66 185 0
66 189 0
66 191 0
66 195 0
66 199 0
66 201 0
66 205 0
66 207 0
66 213 0
66 219 0
66 225 0
67 112 0
67 114 0
67 124 0
67 128 0
67 132 0
67 134 0
67 136 0
67 146 0
67 152 0
67 164 0
67 176 0
67 178 0
67 184 0
67 194 0
67 202 0
67 206 0
67 220 0
67 224 0
67 228 0
67 244 0
67 246 0
67 274 0
67 276 0
67 330 0
68 1 0
68 111 0
68 115 0
68 123 0
68 149 0
68 151 0
68 167 0
68 171 0
68 181 0
68 183 0
68 193 0
68 197 0
68 199 0
68 203 0
68 207 0
68 213 0
68 215 0
68 245 0
68 273 0
68 301 0
68 329 0
68 331 0
68 347 0
68 349 0
69 110 0
69 124 0
69 138 0
69 144 0
69 146 0
69 150 0
69 154 0
69 168 0
69 170 0
69 176 0
69 186 0
69 188 0
69 192 0
69 198 0
69 200 0
69 208 0
69 210 0
69 216 0
69 220 0
69 224 0
69 228 0
69 236 0
69 246 0
69 274 0
69 276 0
69 300 0
69 302 0
69 330 0
70 1 0
70 109 0
70 115 0
70 123 0
70 133 0
70 139 0
70 141 0
70 149 0
70 155 0
70 165 0
70 179 0
70 183 0
70 185 0
70 203 0
70 213 0
70 217 0
70 219 0
70 227 0
70 235 0
70 237 0
70 251 0
70 347 0
70 349 0
71 110 0
71 136 0
71 146 0
71 186 0
71 198 0
71 208 0
71 210 0
71 220 0
71 236 0
71 246 0
71 250 0
71 252 0
71 300 0
71 302 0
72 1 0
72 111 0
72 115 0
72 123 0
72 133 0
72 135 0
72 139 0
72 141 0
72 145 0
72 149 0
72 153 0
72 165 0
72 173 0
72 181 0
72 187 0
72 191 0
72 203 0
72 217 0
72 219 0
72 221 0
72 259 0
72 309 0
73 42 0
73 44 0
73 112 0
73 114 0
73 146 0
73 154 0
73 166 0
73 178 0
73 182 0
73 184 0
73 192 0
73 196 0
73 198 0
73 218 0
73 222 0
73 224 0
73 238 0
73 242 0
73 244 0
73 246 0
73 250 0
73 252 0
73 260 0
73 300 0
73 302 0
73 308 0
73 310 0
73 316 0
74 1 0
74 41 0
74 131 0
74 135 0
74 167 0
74 175 0
74 177 0
74 195 0
74 199 0
74 203 0
74 211 0
74 223 0
74 227 0
74 239 0
74 241 0
74 273 0
74 279 0
74 315 0
74 317 0
75 42 0
75 44 0
75 114 0
75 124 0
75 126 0
75 130 0
75 146 0
75 166 0
75 168 0
75 182 0
75 184 0
75 192 0
75 200 0
75 218 0
75 224 0
75 226 0
75 230 0
75 240 0
75 244 0
75 246 0
75 254 0
75 260 0
75 278 0
75 280 0
75 308 0
75 310 0
75 316 0
76 1 0
76 113 0
76 115 0
76 123 0
76 125 0
76 135 0
76 145 0
76 149 0
76 163 0
76 167 0
76 171 0
76 175 0
76 183 0
76 187 0
76 191 0
76 195 0
76 197 0
76 199 0
76 201 0
76 203 0
76 211 0
76 217 0
76 219 0
76 227 0
76 239 0
76 243 0
76 271 0
76 273 0
76 279 0
77 40 0
77 50 0
77 52 0
77 130 0
77 132 0
77 138 0
77 146 0
77 150 0
77 154 0
77 156 0
77 168 0
77 182 0
77 190 0
77 194 0
77 202 0
77 206 0
77 214 0
77 218 0
77 220 0
77 222 0
77 224 0
77 228 0
77 230 0
77 240 0
77 246 0
77 260 0
77 272 0
77 298 0
78 1 0
78 39 0
78 41 0
78 135 0
78 147 0
78 163 0
78 171 0
78 173 0
78 179 0
78 181 0
78 193 0
78 203 0
78 207 0
78 211 0
78 227 0
78 243 0
78 247 0
78 253 0
78 277 0
79 40 0
79 84 0
79 132 0
79 154 0
79 164 0
79 172 0
79 174 0
79 188 0
79 192 0
79 196 0
79 198 0
79 208 0
79 210 0
79 214 0
79 216 0
79 224 0
79 230 0
79 240 0
79 246 0
79 252 0
79 254 0
79 260 0
79 276 0
80 1 0
80 83 0
80 85 0
80 93 0
80 111 0
80 135 0
80 147 0
80 173 0
80 175 0
80 177 0
80 187 0
80 195 0
80 199 0
80 203 0
80 211 0
80 217 0
80 219 0
80 221 0
80 223 0
80 231 0
80 241 0
80 243 0
80 245 0
80 249 0
80 251 0
80 275 0
80 303 0
80 333 0
81 86 0
81 92 0
81 132 0
81 138 0
81 140 0
81 146 0
81 150 0
81 152 0
81 154 0
81 164 0
81 166 0
81 168 0
81 178 0
81 180 0
81 184 0
81 186 0
81 194 0
81 200 0
81 204 0
81 208 0
81 232 0
81 248 0
81 252 0
81 254 0
81 260 0
81 274 0
81 302 0
81 304 0
81 332 0
81 334 0
82 1 0
82 61 0
82 83 0
82 85 0
82 111 0
82 135 0
82 141 0
82 149 0
82 155 0
82 163 0
82 175 0
82 179 0
82 181 0
82 183 0
82 185 0
82 191 0
82 201 0
82 205 0
82 213 0
82 215 0
82 217 0
82 219 0
82 221 0
82 233 0
82 241 0
82 243 0
82 245 0
82 247 0
82 249 0
82 301 0
82 333 0
83 60 0
83 110 0
83 132 0
83 140 0
83 146 0
83 148 0
83 154 0
83 182 0
83 186 0
83 190 0
83 194 0
83 206 0
83 208 0
83 210 0
83 216 0
83 222 0
83 230 0
83 234 0
83 240 0
83 246 0
83 250 0
83 260 0
83 272 0
84 1 0
84 109 0
84 113 0
84 135 0
84 145 0
84 147 0
84 151 0
84 165 0
84 173 0
84 175 0
84 179 0
84 189 0
84 193 0
84 213 0
84 223 0
84 229 0
84 239 0
84 251 0
84 253 0
84 257 0
84 271 0
84 273 0
84 301 0
85 64 0
85 66 0
85 116 0
85 132 0
85 150 0
85 154 0
85 164 0
85 174 0
85 188 0
85 202 0
85 208 0
85 210 0
85 216 0
85 218 0
85 222 0
85 224 0
85 230 0
85 232 0
85 234 0
85 238 0
85 246 0
85 248 0
85 250 0
85 260 0
85 272 0
85 332 0
85 334 0
86 1 0
86 19 0
86 101 0
86 103 0
86 107 0
86 109 0
86 135 0
86 143 0
86 145 0
86 149 0
86 153 0
86 175 0
86 183 0
86 221 0
86 231 0
86 233 0
86 237 0
86 245 0
86 251 0
86 257 0
86 363 0
87 18 0
87 20 0
87 106 0
87 132 0
87 146 0
87 148 0
87 150 0
87 158 0
87 170 0
87 174 0
87 176 0
87 178 0
87 180 0
87 192 0
87 202 0
87 206 0
87 208 0
87 210 0
87 212 0
87 216 0
87 224 0
87 234 0
87 244 0
87 250 0
87 252 0
87 256 0
87 260 0
87 314 0
87 332 0
87 334 0
87 362 0
87 364 0
88 1 0
88 17 0
88 21 0
88 63 0
88 67 0
88 71 0
88 103 0
88 119 0
88 135 0
88 143 0
88 145 0
88 153 0
88 159 0
88 163 0
88 169 0
88 171 0
88 173 0
88 213 0
88 215 0
88 217 0
88 221 0
88 223 0
88 225 0
88 237 0
88 239 0
88 245 0
88 247 0
88 249 0
88 253 0
88 277 0
89 22 0
89 28 0
89 30 0
89 66 0
89 72 0
89 104 0
89 118 0
89 120 0
89 132 0
89 150 0
89 152 0
89 160 0
89 162 0
89 164 0
89 168 0
89 178 0
89 180 0
89 184 0
89 188 0
89 206 0
89 220 0
89 226 0
89 232 0
89 234 0
89 244 0
89 246 0
89 260 0
89 276 0
89 278 0
89 356 0
89 358 0
89 362 0
89 364 0
90 1 0
90 17 0
90 21 0
90 63 0
90 65 0
90 69 0
90 71 0
90 99 0
90 101 0
90 105 0
90 117 0
90 135 0
90 137 0
90 143 0
90 147 0
90 155 0
90 167 0
90 171 0
90 173 0
90 183 0
90 203 0
90 209 0
90 211 0
90 213 0
90 215 0
90 217 0
90 223 0
90 227 0
90 231 0
90 237 0
90 245 0
90 249 0
90 261 0
90 275 0
90 359 0
91 18 0
91 20 0
91 28 0
91 64 0
91 100 0
91 118 0
91 132 0
91 160 0
91 162 0
91 166 0
91 178 0
91 184 0
91 186 0
91 188 0
91 192 0
91 206 0
91 216 0
91 218 0
91 220 0
91 228 0
91 232 0
91 240 0
91 252 0
91 254 0
91 268 0
91 272 0
91 274 0
91 278 0
91 324 0
91 356 0
91 360 0
92 1 0
92 19 0
92 31 0
92 99 0
92 101 0
92 119 0
92 121 0
92 135 0
92 137 0
92 139 0
92 141 0
92 143 0
92 145 0
92 147 0
92 151 0
92 155 0
92 159 0
92 163 0
92 165 0
92 171 0
92 173 0
92 209 0
92 211 0
92 213 0
92 229 0
92 233 0
92 237 0
92 247 0
92 249 0
92 251 0
92 255 0
92 265 0
92 267 0
92 271 0
92 275 0
92 277 0
93 28 0
93 30 0
93 48 0
93 50 0
93 100 0
93 142 0
93 146 0
93 152 0
93 156 0
93 158 0
93 164 0
93 166 0
93 170 0
93 178 0
93 182 0
93 188 0
93 192 0
93 202 0
93 206 0
93 216 0
93 222 0
93 224 0
93 230 0
93 234 0
93 236 0
93 240 0
93 244 0
93 260 0
93 276 0
93 324 0
93 356 0
93 360 0
94 1 0
94 47 0
94 135 0
94 137 0
94 139 0
94 157 0
94 163 0
94 179 0
94 181 0
94 183 0
94 189 0
94 193 0
94 201 0
94 213 0
94 219 0
94 221 0
94 225 0
94 231 0
94 235 0
94 237 0
94 239 0
94 245 0
94 247 0
94 249 0
94 251 0
94 253 0
94 255 0
94 259 0
94 265 0
94 267 0
94 271 0
94 335 0
94 357 0
94 359 0
95 48 0
95 50 0
95 140 0
95 146 0
95 152 0
95 162 0
95 166 0
95 168 0
95 172 0
95 174 0
95 184 0
95 190 0
95 194 0
95 212 0
95 218 0
95 226 0
95 232 0
95 238 0
95 242 0
95 258 0
95 266 0
95 330 0
95 334 0
95 336 0
96 1 0
96 93 0
96 127 0
96 135 0
96 141 0
96 143 0
96 147 0
96 149 0
96 153 0
96 155 0
96 159 0
96 165 0
96 167 0
96 171 0
96 175 0
96 185 0
96 187 0
96 195 0
96 201 0
96 205 0
96 211 0
96 215 0
96 227 0
96 233 0
96 235 0
96 243 0
96 245 0
96 247 0
96 249 0
96 255 0
96 267 0
96 271 0
97 94 0
97 126 0
97 128 0
97 130 0
97 140 0
97 142 0
97 150 0
97 170 0
97 178 0
97 180 0
97 184 0
97 186 0
97 188 0
97 196 0
97 198 0
97 200 0
97 204 0
97 208 0
97 210 0
97 220 0
97 228 0
97 234 0
97 242 0
97 246 0
97 254 0
97 258 0
97 268 0
97 272 0
97 334 0
97 336 0
98 1 0
98 129 0
98 131 0
98 139 0
98 143 0
98 145 0
98 153 0
98 157 0
98 159 0
98 161 0
98 163 0
98 169 0
98 175 0
98 177 0
98 181 0
98 183 0
98 189 0
98 191 0
98 203 0
98 209 0
98 211 0
98 217 0
98 223 0
98 235 0
98 237 0
98 239 0
98 241 0
98 245 0
98 249 0
98 259 0
98 271 0
98 313 0
98 315 0
99 48 0
99 92 0
99 94 0
99 126 0
99 136 0
99 142 0
99 144 0
99 148 0
99 154 0
99 158 0
99 168 0
99 178 0
99 182 0
99 188 0
99 192 0
99 202 0
99 206 0
99 208 0
99 216 0
99 220 0
99 224 0
99 226 0
99 234 0
99 236 0
99 244 0
99 254 0
99 268 0
99 270 0
99 326 0
100 1 0
100 47 0
100 49 0
100 95 0
100 121 0
100 129 0
100 131 0
100 139 0
100 141 0
100 155 0
100 167 0
100 173 0
100 175 0
100 183 0
100 185 0
100 193 0
100 195 0
100 197 0
100 201 0
100 217 0
100 219 0
100 227 0
100 229 0
100 231 0
100 241 0
100 245 0
100 247 0
100 259 0
100 269 0
100 313 0
100 315 0
100 325 0
100 327 0
101 48 0
101 118 0
101 124 0
101 126 0
101 136 0
101 138 0
101 142 0
101 144 0
101 148 0
101 156 0
101 160 0
101 170 0
101 172 0
101 176 0
101 184 0
101 192 0
101 196 0
101 212 0
101 214 0
101 222 0
101 224 0
101 230 0
101 240 0
101 252 0
101 272 0
101 274 0
101 314 0
102 1 0
102 95 0
102 113 0
102 115 0
102 119 0
102 121 0
102 127 0
102 133 0
102 139 0
102 147 0
102 157 0
102 159 0
102 163 0
102 169 0
102 171 0
102 173 0
102 177 0
102 179 0
102 181 0
102 193 0
102 197 0
102 211 0
102 215 0
102 217 0
102 219 0
102 225 0
102 239 0
102 249 0
102 259 0
102 271 0
102 283 0
102 315 0
102 343 0
102 345 0
103 94 0
103 96 0
103 98 0
103 100 0
103 102 0
103 120 0
103 124 0
103 128 0
103 132 0
103 136 0
103 138 0
103 142 0
103 162 0
103 166 0
103 168 0
103 174 0
103 182 0
103 184 0
103 190 0
103 194 0
103 196 0
103 204 0
103 208 0
103 212 0
103 218 0
103 226 0
103 230 0
103 236 0
103 238 0
103 254 0
103 272 0
103 274 0
103 282 0
103 284 0
103 332 0
103 334 0
104 1 0
104 93 0
104 99 0
104 101 0
104 103 0
104 113 0
104 115 0
104 121 0
104 129 0
104 139 0
104 145 0
104 149 0
104 151 0
104 157 0
104 159 0
104 165 0
104 177 0
104 183 0
104 187 0
104 189 0
104 195 0
104 199 0
104 201 0
104 205 0
104 207 0
104 211 0
104 213 0
104 215 0
104 227 0
104 229 0
104 245 0
104 249 0
104 259 0
104 261 0
104 263 0
104 267 0
104 269 0
104 279 0
104 283 0
104 307 0
104 309 0
104 331 0
104 335 0
104 343 0
104 345 0
105 102 0
105 120 0
105 128 0
105 130 0
105 140 0
105 148 0
105 152 0
105 156 0
105 160 0
105 162 0
105 164 0
105 168 0
105 172 0
105 174 0
105 178 0
105 180 0
105 188 0
105 194 0
105 196 0
105 200 0
105 202 0
105 204 0
105 236 0
105 238 0
105 242 0
105 244 0
105 246 0
105 254 0
105 258 0
105 270 0
105 278 0
105 280 0
106 1 0
106 93 0
106 95 0
106 99 0
106 123 0
106 127 0
106 131 0
106 135 0
106 139 0
106 143 0
106 145 0
106 153 0
106 165 0
106 171 0
106 175 0
106 179 0
106 183 0
106 189 0
106 191 0
106 193 0
106 199 0
106 213 0
106 217 0
106 221 0
106 223 0
106 227 0
106 231 0
106 233 0
106 237 0
106 251 0
106 255 0
106 261 0
106 267 0
106 269 0
106 275 0
106 279 0
106 299 0
106 301 0
106 307 0
106 309 0
106 331 0
106 335 0
107 98 0
107 120 0
107 122 0
107 128 0
107 132 0
107 148 0
107 154 0
107 168 0
107 188 0
107 194 0
107 196 0
107 206 0
107 216 0
107 220 0
107 224 0
107 228 0
107 230 0
107 234 0
107 242 0
107 254 0
107 256 0
107 258 0
107 262 0
107 264 0
107 288 0
107 290 0
107 302 0
107 322 0
107 332 0
107 334 0
108 1 0
108 65 0
108 67 0
108 99 0
108 121 0
108 131 0
108 135 0
108 137 0
108 139 0
108 141 0
108 145 0
108 149 0
108 159 0
108 161 0
108 163 0
108 165 0
108 167 0
108 171 0
108 175 0
108 179 0
108 181 0
108 195 0
108 215 0
108 227 0
108 233 0
108 235 0
108 237 0
108 241 0
108 251 0
108 253 0
108 273 0
108 275 0
108 299 0
108 303 0
108 333 0
109 30 0
109 64 0
109 100 0
109 102 0
109 124 0
109 126 0
109 134 0
109 142 0
109 144 0
109 154 0
109 158 0
109 160 0
109 168 0
109 186 0
109 188 0
109 200 0
109 208 0
109 210 0
109 224 0
109 232 0
109 234 0
109 246 0
109 258 0
109 268 0
109 270 0
109 272 0
109 288 0
109 290 0
109 302 0
109 322 0
110 63 0
110 81 0
110 83 0
110 127 0
110 137 0
110 141 0
110 149 0
110 163 0
110 165 0
110 171 0
110 173 0
110 175 0
110 183 0
110 185 0
110 195 0
110 197 0
110 207 0
110 215 0
110 227 0
110 229 0
110 231 0
110 237 0
110 241 0
110 251 0
110 253 0
110 257 0
110 267 0
110 275 0
110 299 0
110 315 0
110 325 0
111 2 0
111 30 0
111 66 0
111 80 0
111 100 0
111 102 0
111 108 0
111 122 0
111 124 0
111 126 0
111 130 0
111 132 0
111 134 0
111 140 0
111 144 0
111 150 0
111 152 0
111 154 0
111 166 0
111 184 0
111 192 0
111 194 0
111 196 0
111 198 0
111 200 0
111 210 0
111 214 0
111 220 0
111 222 0
111 224 0
111 232 0
111 238 0
111 242 0
111 246 0
111 250 0
111 254 0
111 266 0
111 270 0
111 288 0
111 314 0
111 316 0
112 43 0
112 61 0
112 63 0
112 65 0
112 83 0
112 107 0
112 109 0
112 117 0
112 119 0
112 143 0
112 157 0
112 159 0
112 161 0
112 167 0
112 199 0
112 201 0
112 229 0
112 233 0
112 235 0
112 237 0
112 243 0
112 247 0
112 249 0
112 255 0
112 267 0
112 269 0
112 287 0
112 289 0
112 313 0
112 317 0
112 323 0
112 325 0
112 345 0
112 347 0
113 2 0
113 30 0
113 42 0
113 60 0
113 80 0
113 82 0
113 116 0
113 126 0
113 132 0
113 144 0
113 146 0
113 156 0
113 160 0
113 162 0
113 178 0
113 180 0
113 202 0
113 210 0
113 216 0
113 218 0
113 228 0
113 240 0
113 250 0
113 256 0
113 272 0
113 314 0
113 316 0
113 326 0
113 332 0
114 1 0
114 29 0
114 41 0
114 43 0
114 47 0
114 49 0
114 63 0
114 65 0
114 97 0
114 115 0
114 117 0
114 119 0
114 123 0
114 127 0
114 135 0
114 137 0
114 145 0
114 153 0
114 155 0
114 157 0
114 159 0
114 165 0
114 167 0
114 177 0
114 183 0
114 193 0
114 195 0
114 197 0
114 215 0
114 221 0
114 223 0
114 227 0
114 233 0
114 235 0
114 237 0
114 241 0
114 243 0
114 249 0
114 251 0
114 255 0
114 259 0
114 261 0
114 269 0
114 287 0
114 315 0
114 325 0
114 327 0
114 331 0
114 333 0
114 345 0
114 347 0
115 46 0
115 64 0
115 96 0
115 98 0
115 114 0
115 118 0
115 122 0
115 138 0
115 144 0
115 150 0
115 152 0
115 164 0
115 168 0
115 178 0
115 180 0
115 184 0
115 188 0
115 192 0
115 198 0
115 200 0
115 202 0
115 208 0
115 210 0
115 212 0
115 214 0
115 218 0
115 224 0
115 236 0
115 244 0
115 246 0
115 252 0
115 258 0
115 272 0
115 274 0
115 286 0
115 288 0
115 332 0
115 346 0
116 1 0
116 29 0
116 41 0
116 45 0
116 49 0
116 121 0
116 127 0
116 131 0
116 135 0
116 137 0
116 149 0
116 163 0
116 167 0
116 173 0
116 179 0
116 183 0
116 189 0
116 191 0
116 199 0
116 203 0
116 211 0
116 215 0
116 217 0
116 223 0
116 227 0
116 251 0
116 261 0
116 263 0
116 275 0
116 325 0
117 42 0
117 46 0
117 96 0
117 98 0
117 116 0
117 128 0
117 132 0
117 142 0
117 148 0
117 152 0
117 156 0
117 172 0
117 174 0
117 184 0
117 196 0
117 204 0
117 206 0
117 210 0
117 216 0
117 222 0
117 224 0
117 228 0
117 238 0
117 242 0
117 246 0
117 258 0
117 260 0
117 266 0
117 328 0
117 332 0
117 334 0
118 1 0
118 29 0
118 43 0
118 49 0
118 115 0
118 121 0
118 129 0
118 145 0
118 147 0
118 149 0
118 157 0
118 163 0
118 165 0
118 167 0
118 171 0
118 181 0
118 193 0
118 195 0
118 209 0
118 211 0
118 221 0
118 225 0
118 229 0
118 233 0
118 235 0
118 241 0
118 253 0
118 255 0
118 263 0
118 275 0
118 309 0
118 311 0
118 313 0
118 329 0
118 335 0
119 42 0
119 46 0
119 100 0
119 102 0
119 114 0
119 120 0
119 126 0
119 128 0
119 130 0
119 132 0
119 134 0
119 138 0
119 142 0
119 144 0
119 154 0
119 156 0
119 160 0
119 170 0
119 174 0
119 178 0
119 180 0
119 184 0
119 190 0
119 192 0
119 200 0
119 208 0
119 222 0
119 224 0
119 236 0
119 242 0
119 246 0
119 256 0
119 266 0
119 296 0
119 298 0
119 310 0
119 328 0
119 334 0
120 1 0
120 29 0
120 85 0
120 87 0
120 99 0
120 103 0
120 113 0
120 119 0
120 123 0
120 125 0
120 131 0
120 135 0
120 139 0
120 141 0
120 145 0
120 159 0
120 171 0
120 173 0
120 177 0
120 181 0
120 183 0
120 185 0
120 189 0
120 201 0
120 205 0
120 207 0
120 211 0
120 215 0
120 217 0
120 223 0
120 243 0
120 245 0
120 253 0
120 255 0
120 257 0
120 263 0
120 265 0
120 267 0
120 269 0
120 279 0
120 299 0
120 301 0
120 303 0
120 305 0
120 307 0
120 313 0
120 315 0
120 333 0
120 335 0
121 28 0
121 76 0
121 112 0
121 118 0
121 126 0
121 130 0
121 132 0
121 136 0
121 142 0
121 144 0
121 146 0
121 150 0
121 154 0
121 176 0
121 182 0
121 200 0
121 202 0
121 210 0
121 214 0
121 224 0
121 226 0
121 238 0
121 262 0
121 270 0
121 280 0
121 296 0
121 298 0
121 302 0
121 308 0
121 310 0
121 316 0
121 334 0
122 1 0
122 39 0
122 75 0
122 85 0
122 99 0
122 103 0
122 117 0
122 121 0
122 127 0
122 137 0
122 139 0
122 141 0
122 147 0
122 155 0
122 159 0
122 161 0
122 163 0
122 165 0
122 167 0
122 179 0
122 193 0
122 207 0
122 209 0
122 213 0
122 219 0
122 227 0
122 229 0
122 231 0
122 233 0
122 235 0
122 243 0
122 245 0
122 253 0
122 255 0
122 257 0
122 259 0
122 271 0
122 281 0
122 283 0
122 285 0
122 297 0
122 311 0
122 315 0
122 335 0
122 337 0
123 28 0
123 40 0
123 76 0
123 100 0
123 102 0
123 112 0
123 116 0
123 120 0
123 130 0
123 132 0
123 144 0
123 150 0
123 156 0
123 158 0
123 168 0
123 176 0
123 178 0
123 182 0
123 184 0
123 188 0
123 192 0
123 198 0
123 202 0
123 212 0
123 216 0
123 236 0
123 238 0
123 250 0
123 260 0
123 262 0
123 264 0
123 270 0
123 272 0
123 282 0
123 304 0
123 306 0
123 308 0
123 310 0
123 314 0
123 328 0
123 330 0
123 350 0
123 352 0
124 1 0
124 27 0
124 39 0
124 41 0
124 75 0
124 105 0
124 107 0
124 111 0
124 115 0
124 119 0
124 127 0
124 131 0
124 137 0
124 139 0
124 141 0
124 147 0
124 151 0
124 169 0
124 171 0
124 185 0
124 187 0
124 191 0
124 197 0
124 199 0
124 203 0
124 207 0
124 219 0
124 221 0
124 231 0
124 233 0
124 243 0
124 247 0
124 249 0
124 253 0
124 267 0
124 269 0
124 271 0
124 273 0
124 285 0
124 293 0
124 299 0
124 301 0
124 313 0
124 329 0
124 335 0
124 337 0
125 26 0
125 42 0
125 56 0
125 76 0
125 110 0
125 118 0
125 122 0
125 124 0
125 128 0
125 142 0
125 148 0
125 152 0
125 154 0
125 158 0
125 160 0
125 162 0
125 164 0
125 166 0
125 172 0
125 182 0
125 186 0
125 190 0
125 204 0
125 206 0
125 210 0
125 212 0
125 216 0
125 222 0
125 228 0
125 230 0
125 234 0
125 236 0
125 248 0
125 252 0
125 256 0
125 258 0
125 260 0
125 266 0
125 274 0
125 290 0
125 312 0
125 328 0
125 330 0
125 350 0
125 352 0
126 1 0
126 23 0
126 55 0
126 57 0
126 101 0
126 103 0
126 107 0
126 125 0
126 135 0
126 137 0
126 143 0
126 151 0
126 153 0
126 155 0
126 167 0
126 171 0
126 177 0
126 179 0
126 183 0
126 185 0
126 189 0
126 205 0
126 207 0
126 209 0
126 213 0
126 219 0
126 223 0
126 225 0
126 227 0
126 233 0
126 235 0
126 249 0
126 251 0
126 261 0
126 265 0
126 269 0
126 275 0
126 283 0
126 285 0
126 289 0
126 293 0
126 307 0
126 309 0
127 22 0
127 56 0
127 76 0
127 78 0
127 118 0
127 120 0
127 122 0
127 126 0
127 132 0
127 134 0
127 138 0
127 146 0
127 158 0
127 162 0
127 174 0
127 182 0
127 184 0
127 186 0
127 192 0
127 196 0
127 198 0
127 200 0
127 210 0
127 212 0
127 218 0
127 238 0
127 244 0
127 256 0
127 258 0
127 262 0
127 270 0
127 272 0
127 284 0
127 294 0
127 298 0
127 300 0
127 336 0
127 338 0
128 1 0
128 21 0
128 25 0
128 31 0
128 33 0
128 81 0
128 101 0
128 103 0
128 115 0
128 135 0
128 139 0
128 141 0
128 151 0
128 159 0
128 161 0
128 165 0
128 169 0
128 171 0
128 173 0
128 175 0
128 177 0
128 181 0
128 185 0
128 187 0
128 189 0
128 199 0
128 205 0
128 215 0
128 221 0
128 231 0
128 239 0
128 245 0
128 275 0
128 277 0
128 279 0
128 289 0
128 293 0
128 303 0
128 305 0
128 307 0
128 309 0
128 325 0
128 329 0
128 331 0
129 24 0
129 76 0
129 82 0
129 102 0
129 118 0
129 122 0
129 132 0
129 144 0
129 146 0
129 148 0
129 152 0
129 156 0
129 166 0
129 168 0
129 178 0
129 182 0
129 184 0
129 186 0
129 190 0
129 196 0
129 206 0
129 212 0
129 218 0
129 222 0
129 224 0
129 226 0
129 230 0
129 232 0
129 236 0
129 242 0
129 244 0
129 248 0
129 256 0
129 258 0
129 270 0
129 272 0
129 274 0
129 284 0
129 290 0
129 292 0
129 298 0
129 300 0
129 312 0
129 324 0
129 326 0
129 336 0
129 338 0
129 340 0
130 21 0
130 23 0
130 31 0
130 33 0
130 79 0
130 85 0
130 87 0
130 109 0
130 115 0
130 121 0
130 123 0
130 131 0
130 133 0
130 135 0
130 137 0
130 139 0
130 149 0
130 151 0
130 153 0
130 157 0
130 159 0
130 163 0
130 171 0
130 195 0
130 199 0
130 215 0
130 227 0
130 229 0
130 235 0
130 245 0
130 257 0
130 265 0
130 269 0
130 277 0
130 279 0
130 281 0
130 299 0
130 309 0
130 329 0
130 331 0
131 2 0
131 20 0
131 52 0
131 58 0
131 60 0
131 76 0
131 82 0
131 88 0
131 90 0
131 114 0
131 118 0
131 124 0
131 126 0
131 140 0
131 150 0
131 164 0
131 168 0
131 182 0
131 186 0
131 194 0
131 200 0
131 206 0
131 212 0
131 230 0
131 232 0
131 236 0
131 238 0
131 240 0
131 252 0
131 254 0
131 256 0
131 260 0
131 266 0
131 268 0
131 274 0
131 278 0
131 296 0
131 306 0
131 312 0
131 326 0
131 336 0
131 338 0
131 340 0
132 1 0
132 33 0
132 59 0
132 79 0
132 85 0
132 87 0
132 91 0
132 109 0
132 115 0
132 119 0
132 131 0
132 133 0
132 149 0
132 151 0
132 155 0
132 171 0
132 183 0
132 201 0
132 207 0
132 227 0
132 231 0
132 245 0
132 251 0
132 255 0
132 259 0
132 267 0
132 273 0
132 277 0
132 281 0
132 303 0
132 307 0
132 309 0
132 315 0
132 317 0
132 325 0
132 329 0
132 331 0
132 339 0
133 14 0
133 16 0
133 20 0
133 22 0
133 52 0
133 92 0
133 116 0
133 120 0
133 140 0
133 146 0
133 148 0
133 152 0
133 158 0
133 160 0
133 170 0
133 178 0
133 180 0
133 182 0
133 194 0
133 212 0
133 214 0
133 216 0
133 234 0
133 236 0
133 238 0
133 240 0
133 242 0
133 248 0
133 252 0
133 256 0
133 258 0
133 264 0
133 272 0
133 296 0
133 298 0
133 302 0
133 324 0
133 326 0
133 330 0
133 332 0
133 338 0
133 350 0
133 352 0
133 354 0
134 1 0
134 17 0
134 53 0
134 55 0
134 77 0
134 79 0
134 85 0
134 93 0
134 109 0
134 117 0
134 121 0
134 131 0
134 141 0
134 145 0
134 155 0
134 157 0
134 163 0
134 165 0
134 171 0
134 173 0
134 177 0
134 185 0
134 193 0
134 201 0
134 209 0
134 211 0
134 217 0
134 227 0
134 229 0
134 231 0
134 235 0
134 243 0
134 245 0
134 251 0
134 257 0
134 267 0
134 269 0
134 281 0
134 301 0
134 315 0
134 317 0
134 333 0
134 341 0
134 349 0
134 351 0
134 393 0
135 2 0
135 14 0
135 20 0
135 22 0
135 80 0
135 84 0
135 88 0
135 94 0
135 110 0
135 118 0
135 122 0
135 124 0
135 132 0
135 134 0
135 138 0
135 142 0
135 150 0
135 158 0
135 166 0
135 168 0
135 174 0
135 184 0
135 192 0
135 202 0
135 206 0
135 218 0
135 224 0
135 238 0
135 256 0
135 260 0
135 266 0
135 272 0
135 276 0
135 306 0
135 350 0
135 352 0
135 354 0
135 356 0
135 392 0
136 23 0
136 27 0
136 77 0
136 89 0
136 91 0
136 93 0
136 107 0
136 119 0
136 125 0
136 131 0
136 135 0
136 179 0
136 211 0
136 213 0
136 225 0
136 227 0
136 237 0
136 247 0
136 249 0
136 251 0
136 253 0
136 259 0
136 271 0
136 275 0
136 303 0
136 305 0
136 309 0
136 333 0
136 335 0
136 339 0
136 393 0
137 2 0
137 14 0
137 16 0
137 26 0
137 74 0
137 78 0
137 80 0
137 84 0
137 96 0
137 108 0
137 110 0
137 120 0
137 122 0
137 124 0
137 138 0
137 146 0
137 148 0
137 152 0
137 158 0
137 168 0
137 170 0
137 174 0
137 176 0
137 182 0
137 192 0
137 206 0
137 212 0
137 214 0
137 218 0
137 228 0
137 230 0
137 232 0
137 248 0
137 250 0
137 252 0
137 266 0
137 268 0
137 274 0
137 298 0
137 302 0
137 310 0
137 314 0
137 316 0
137 332 0
137 336 0
137 342 0
137 344 0
137 356 0
137 358 0
137 394 0
138 21 0
138 73 0
138 75 0
138 95 0
138 109 0
138 125 0
138 131 0
138 161 0
138 163 0
138 165 0
138 171 0
138 177 0
138 179 0
138 183 0
138 185 0
138 203 0
138 207 0
138 209 0
138 215 0
138 225 0
138 229 0
138 237 0
138 255 0
138 271 0
138 281 0
138 285 0
138 287 0
138 289 0
138 291 0
138 295 0
138 297 0
138 343 0
138 351 0
138 353 0
138 359 0
139 2 0
139 16 0
139 18 0
139 22 0
139 26 0
139 74 0
139 78 0
139 80 0
139 84 0
139 92 0
139 96 0
139 110 0
139 112 0
139 120 0
139 122 0
139 126 0
139 128 0
139 134 0
139 138 0
139 152 0
139 158 0
139 166 0
139 168 0
139 174 0
139 182 0
139 212 0
139 214 0
139 218 0
139 220 0
139 224 0
139 228 0
139 234 0
139 250 0
139 256 0
139 264 0
139 266 0
139 268 0
139 270 0
139 280 0
139 284 0
139 302 0
139 314 0
139 316 0
139 362 0
140 11 0
140 19 0
140 103 0
140 113 0
140 125 0
140 127 0
140 133 0
140 135 0
140 145 0
140 147 0
140 161 0
140 165 0
140 167 0
140 171 0
140 177 0
140 185 0
140 191 0
140 207 0
140 213 0
140 217 0
140 221 0
140 237 0
140 251 0
140 263 0
140 269 0
140 279 0
140 283 0
140 289 0
140 295 0
140 297 0
140 301 0
140 309 0
140 325 0
140 327 0
140 333 0
140 351 0
140 359 0
140 361 0
140 363 0
141 22 0
141 26 0
141 40 0
141 78 0
141 84 0
141 92 0
141 96 0
141 102 0
141 104 0
141 106 0
141 110 0
141 114 0
141 118 0
141 126 0
141 130 0
141 134 0
141 138 0
141 140 0
141 152 0
141 158 0
141 160 0
141 162 0
141 170 0
141 172 0
141 174 0
141 176 0
141 178 0
141 186 0
141 212 0
141 216 0
141 222 0
141 224 0
141 226 0
141 228 0
141 230 0
141 238 0
141 246 0
141 250 0
141 252 0
141 254 0
141 262 0
141 270 0
141 272 0
141 278 0
141 284 0
141 288 0
141 290 0
141 292 0
141 294 0
141 308 0
141 314 0
141 324 0
141 328 0
141 336 0
141 338 0
141 340 0
141 342 0
141 344 0
141 356 0
141 358 0
141 360 0
142 13 0
142 19 0
142 21 0
142 81 0
142 85 0
142 93 0
142 111 0
142 115 0
142 117 0
142 121 0
142 123 0
142 127 0
142 131 0
142 135 0
142 139 0
142 143 0
142 145 0
142 163 0
142 175 0
142 177 0
142 179 0
142 181 0
142 183 0
142 191 0
142 203 0
142 207 0
142 211 0
142 215 0
142 219 0
142 233 0
142 235 0
142 243 0
142 245 0
142 247 0
142 249 0
142 261 0
142 277 0
142 295 0
142 301 0
142 313 0
142 315 0
142 333 0
142 335 0
142 343 0
142 347 0
143 2 0
143 12 0
143 26 0
143 30 0
143 32 0
143 38 0
143 40 0
143 60 0
143 62 0
143 78 0
143 86 0
143 92 0
143 96 0
143 100 0
143 102 0
143 104 0
143 106 0
143 108 0
143 118 0
143 122 0
143 124 0
143 136 0
143 152 0
143 158 0
143 164 0
143 166 0
143 168 0
143 170 0
143 174 0
143 176 0
143 178 0
143 182 0
143 214 0
143 218 0
143 220 0
143 224 0
143 226 0
143 228 0
143 230 0
143 234 0
143 238 0
143 242 0
143 252 0
143 254 0
143 256 0
143 260 0
143 262 0
143 274 0
143 276 0
143 284 0
143 292 0
143 308 0
143 312 0
143 324 0
143 328 0
143 336 0
143 338 0
143 342 0
143 348 0
143 356 0
143 358 0
143 360 0
144 25 0
144 37 0
144 39 0
144 59 0
144 79 0
144 87 0
144 91 0
144 99 0
144 111 0
144 119 0
144 125 0
144 127 0
144 133 0
144 139 0
144 141 0
144 149 0
144 153 0
144 155 0
144 171 0
144 173 0
144 185 0
144 203 0
144 211 0
144 217 0
144 231 0
144 237 0
144 241 0
144 243 0
144 247 0
144 249 0
144 251 0
144 253 0
144 257 0
144 261 0
144 263 0
144 265 0
144 273 0
144 279 0
144 291 0
144 293 0
144 295 0
144 297 0
144 301 0
144 303 0
144 305 0
144 307 0
144 311 0
144 315 0
144 317 0
144 325 0
144 327 0
144 333 0
144 337 0
144 345 0
144 349 0
144 351 0
145 2 0
145 28 0
145 30 0
145 32 0
145 56 0
145 60 0
145 62 0
145 80 0
145 82 0
145 90 0
145 96 0
145 98 0
145 100 0
145 104 0
145 106 0
145 108 0
145 110 0
145 120 0
145 126 0
145 130 0
145 132 0
145 134 0
145 136 0
145 144 0
145 146 0
145 152 0
145 156 0
145 164 0
145 168 0
145 170 0
145 172 0
145 186 0
145 192 0
145 202 0
145 206 0
145 210 0
145 220 0
145 224 0
145 226 0
145 232 0
145 236 0
145 240 0
145 244 0
145 252 0
145 260 0
145 272 0
145 278 0
145 284 0
145 292 0
145 302 0
145 314 0
145 316 0
145 326 0
145 336 0
145 346 0
145 352 0
145 358 0
146 11 0
146 35 0
146 37 0
146 55 0
146 57 0
146 61 0
146 69 0
146 83 0
146 95 0
146 101 0
146 111 0
146 119 0
146 121 0
146 129 0
146 133 0
146 137 0
146 141 0
146 149 0
146 159 0
146 163 0
146 167 0
146 179 0
146 183 0
146 205 0
146 213 0
146 217 0
146 219 0
146 225 0
146 227 0
146 233 0
146 235 0
146 239 0
146 245 0
146 247 0
146 251 0
146 253 0
146 257 0
146 259 0
146 265 0
146 271 0
146 281 0
146 289 0
146 295 0
146 297 0
146 313 0
146 319 0
146 321 0
146 331 0
146 333 0
146 335 0
146 349 0
146 353 0
146 361 0
147 2 0
147 30 0
147 40 0
147 52 0
147 58 0
147 62 0
147 70 0
147 78 0
147 84 0
147 88 0
147 100 0
147 108 0
147 110 0
147 116 0
147 118 0
147 120 0
147 122 0
147 126 0
147 138 0
147 148 0
147 156 0
147 160 0
147 162 0
147 166 0
147 178 0
147 180 0
147 192 0
147 202 0
147 212 0
147 218 0
147 220 0
147 224 0
147 228 0
147 234 0
147 240 0
147 244 0
147 258 0
147 266 0
147 278 0
147 288 0
147 296 0
147 308 0
147 312 0
147 322 0
147 344 0
147 346 0
147 348 0
147 354 0
147 358 0
147 362 0
148 11 0
148 31 0
148 35 0
148 37 0
148 51 0
148 53 0
148 55 0
148 57 0
148 69 0
148 71 0
148 77 0
148 79 0
148 81 0
148 105 0
148 113 0
148 119 0
148 123 0
148 133 0
148 143 0
148 145 0
148 151 0
148 157 0
148 165 0
148 175 0
148 177 0
148 181 0
148 185 0
148 189 0
148 193 0
148 201 0
148 205 0
148 211 0
148 219 0
148 223 0
148 231 0
148 233 0
148 243 0
148 247 0
148 251 0
148 257 0
148 261 0
148 263 0
148 267 0
148 271 0
148 277 0
148 281 0
148 287 0
148 299 0
148 301 0
148 307 0
148 311 0
148 319 0
148 321 0
148 331 0
148 333 0
148 335 0
148 337 0
148 339 0
148 341 0
148 347 0
148 359 0
149 8 0
149 18 0
149 20 0
149 32 0
149 34 0
149 38 0
149 40 0
149 50 0
149 54 0
149 64 0
149 78 0
149 82 0
149 92 0
149 98 0
149 100 0
149 102 0
149 108 0
149 110 0
149 112 0
149 116 0
149 120 0
149 124 0
149 132 0
149 134 0
149 138 0
149 148 0
149 152 0
149 156 0
149 158 0
149 162 0
149 186 0
149 190 0
149 194 0
149 200 0
149 204 0
149 210 0
149 218 0
149 222 0
149 224 0
149 232 0
149 236 0
149 252 0
149 270 0
149 282 0
149 286 0
149 288 0
149 292 0
149 294 0
149 298 0
149 310 0
149 314 0
149 320 0
149 324 0
149 326 0
149 328 0
149 342 0
149 344 0
149 346 0
149 354 0
149 360 0
149 362 0
149 404 0
149 406 0
150 1 0
150 7 0
150 9 0
150 21 0
150 39 0
150 51 0
150 53 0
150 61 0
150 63 0
150 65 0
150 69 0
150 71 0
150 91 0
150 97 0
150 103 0
150 105 0
150 113 0
150 117 0
150 121 0
150 125 0
150 135 0
150 145 0
150 149 0
150 161 0
150 165 0
150 175 0
150 177 0
150 181 0
150 183 0
150 197 0
150 201 0
150 203 0
150 211 0
150 213 0
150 217 0
150 219 0
150 225 0
150 227 0
150 231 0
150 233 0
150 235 0
150 241 0
150 243 0
150 247 0
150 251 0
150 257 0
150 261 0
150 263 0
150 267 0
150 269 0
150 277 0
150 285 0
150 287 0
150 291 0
150 307 0
150 313 0
150 315 0
150 341 0
150 345 0
150 349 0
150 355 0
150 361 0
150 397 0
150 399 0
150 401 0
151 8 0
151 18 0
151 22 0
151 32 0
151 34 0
151 40 0
151 60 0
151 64 0
151 66 0
151 90 0
151 98 0
151 108 0
151 110 0
151 114 0
151 126 0
151 128 0
151 132 0
151 134 0
151 138 0
151 142 0
151 146 0
151 152 0
151 154 0
151 156 0
151 160 0
151 166 0
151 168 0
151 174 0
151 182 0
151 186 0
151 188 0
151 202 0
151 206 0
151 208 0
151 216 0
151 228 0
151 230 0
151 246 0
151 262 0
151 266 0
151 272 0
151 274 0
151 280 0
151 282 0
151 284 0
151 294 0
151 298 0
151 302 0
151 304 0
151 310 0
151 314 0
151 320 0
151 338 0
151 350 0
151 356 0
151 360 0
151 396 0
151 398 0
151 400 0
151 404 0
151 406 0
152 1 0
152 15 0
152 17 0
152 23 0
152 25 0
152 33 0
152 35 0
152 37 0
152 61 0
152 63 0
152 65 0
152 95 0
152 101 0
152 103 0
152 109 0
152 115 0
152 117 0
152 129 0
152 143 0
152 149 0
152 157 0
152 159 0
152 161 0
152 165 0
152 169 0
152 173 0
152 177 0
152 181 0
152 183 0
152 189 0
152 197 0
152 199 0
152 201 0
152 211 0
152 213 0
152 219 0
152 221 0
152 223 0
152 225 0
152 229 0
152 237 0
152 241 0
152 243 0
152 245 0
152 277 0
152 287 0
152 289 0
152 295 0
152 297 0
152 299 0
152 301 0
152 305 0
152 307 0
152 317 0
152 319 0
152 339 0
152 351 0
152 353 0
152 361 0
152 363 0
152 387 0
152 389 0
152 397 0
152 401 0
153 2 0
153 10 0
153 26 0
153 38 0
153 60 0
153 62 0
153 74 0
153 76 0
153 80 0
153 90 0
153 102 0
153 118 0
153 120 0
153 138 0
153 144 0
153 150 0
153 152 0
153 156 0
153 170 0
153 172 0
153 176 0
153 178 0
153 186 0
153 188 0
153 190 0
153 196 0
153 200 0
153 206 0
153 208 0
153 214 0
153 216 0
153 226 0
153 228 0
153 230 0
153 234 0
153 238 0
153 250 0
153 254 0
153 258 0
153 262 0
153 266 0
153 268 0
153 270 0
153 276 0
153 280 0
153 292 0
153 294 0
153 304 0
153 316 0
153 340 0
153 354 0
154 9 0
154 17 0
154 19 0
154 23 0
154 27 0
154 39 0
154 41 0
154 77 0
154 99 0
154 105 0
154 109 0
154 111 0
154 113 0
154 121 0
154 123 0
154 125 0
154 127 0
154 129 0
154 139 0
154 145 0
154 155 0
154 165 0
154 167 0
154 169 0
154 181 0
154 183 0
154 187 0
154 195 0
154 211 0
154 219 0
154 221 0
154 223 0
154 227 0
154 231 0
154 237 0
154 241 0
154 253 0
154 255 0
154 257 0
154 273 0
154 279 0
154 283 0
154 287 0
154 289 0
154 303 0
154 327 0
154 329 0
154 341 0
154 353 0
154 357 0
154 361 0
154 363 0
154 387 0
154 389 0
154 401 0
155 2 0
155 24 0
155 28 0
155 30 0
155 42 0
155 62 0
155 64 0
155 66 0
155 74 0
155 80 0
155 110 0
155 114 0
155 118 0
155 126 0
155 130 0
155 134 0
155 140 0
155 144 0
155 146 0
155 166 0
155 168 0
155 172 0
155 178 0
155 180 0
155 182 0
155 190 0
155 194 0
155 200 0
155 212 0
155 214 0
155 216 0
155 218 0
155 224 0
155 226 0
155 228 0
155 230 0
155 234 0
155 236 0
155 238 0
155 242 0
155 252 0
155 260 0
155 262 0
155 270 0
155 272 0
155 276 0
155 278 0
155 284 0
155 286 0
155 288 0
155 296 0
155 300 0
155 302 0
155 304 0
155 316 0
155 320 0
155 326 0
155 328 0
155 352 0
155 362 0
155 386 0
155 400 0
155 406 0
156 9 0
156 17 0
156 23 0
156 29 0
156 35 0
156 39 0
156 61 0
156 69 0
156 71 0
156 77 0
156 79 0
156 91 0
156 109 0
156 115 0
156 127 0
156 133 0
156 137 0
156 141 0
156 147 0
156 157 0
156 161 0
156 163 0
156 169 0
156 173 0
156 175 0
156 221 0
156 225 0
156 229 0
156 231 0
156 239 0
156 241 0
156 243 0
156 249 0
156 251 0
156 255 0
156 257 0
156 263 0
156 267 0
156 273 0
156 295 0
156 299 0
156 317 0
156 319 0
156 323 0
156 329 0
156 353 0
156 355 0
156 357 0
156 385 0
156 393 0
156 395 0
156 397 0
156 399 0
156 405 0
157 2 0
157 16 0
157 24 0
157 30 0
157 36 0
157 40 0
157 42 0
157 52 0
157 62 0
157 64 0
157 66 0
157 72 0
157 74 0
157 78 0
157 98 0
157 100 0
157 104 0
157 106 0
157 132 0
157 154 0
157 162 0
157 166 0
157 172 0
157 182 0
157 184 0
157 186 0
157 188 0
157 190 0
157 194 0
157 200 0
157 208 0
157 210 0
157 214 0
157 218 0
157 226 0
157 228 0
157 232 0
157 234 0
157 236 0
157 246 0
157 250 0
157 260 0
157 264 0
157 274 0
157 282 0
157 284 0
157 286 0
157 290 0
157 302 0
157 318 0
157 322 0
157 358 0
157 362 0
157 390 0
157 392 0
157 398 0
157 406 0
158 9 0
158 15 0
158 27 0
158 31 0
158 37 0
158 53 0
158 69 0
158 75 0
158 89 0
158 91 0
158 97 0
158 101 0
158 103 0
158 107 0
158 109 0
158 111 0
158 117 0
158 127 0
158 131 0
158 135 0
158 137 0
158 141 0
158 163 0
158 179 0
158 181 0
158 195 0
158 199 0
158 201 0
158 203 0
158 205 0
158 207 0
158 239 0
158 257 0
158 261 0
158 265 0
158 277 0
158 279 0
158 289 0
158 291 0
158 295 0
158 297 0
158 301 0
158 303 0
158 317 0
158 319 0
158 321 0
158 325 0
158 327 0
158 361 0
158 363 0
158 389 0
159 2 0
159 8 0
159 14 0
159 18 0
159 24 0
159 32 0
159 40 0
159 42 0
159 64 0
159 72 0
159 76 0
159 88 0
159 94 0
159 96 0
159 114 0
159 116 0
159 120 0
159 122 0
159 126 0
159 130 0
159 134 0
159 138 0
159 144 0
159 152 0
159 154 0
159 158 0
159 162 0
159 166 0
159 168 0
159 184 0
159 192 0
159 196 0
159 198 0
159 210 0
159 212 0
159 214 0
159 216 0
159 218 0
159 220 0
159 228 0
159 230 0
159 232 0
159 236 0
159 238 0
159 242 0
159 244 0
159 256 0
159 262 0
159 266 0
159 268 0
159 272 0
159 274 0
159 276 0
159 282 0
159 284 0
159 288 0
159 292 0
159 298 0
159 320 0
159 324 0
159 330 0
159 356 0
159 358 0
159 386 0
159 388 0
159 392 0
159 394 0
159 396 0
159 406 0
160 15 0
160 17 0
160 23 0
160 25 0
160 27 0
160 35 0
160 41 0
160 43 0
160 53 0
160 63 0
160 69 0
160 73 0
160 89 0
160 91 0
160 93 0
160 101 0
160 103 0
160 107 0
160 109 0
160 123 0
160 127 0
160 129 0
160 133 0
160 139 0
160 153 0
160 155 0
160 157 0
160 161 0
160 167 0
160 173 0
160 179 0
160 187 0
160 189 0
160 193 0
160 203 0
160 205 0
160 207 0
160 217 0
160 219 0
160 225 0
160 229 0
160 233 0
160 237 0
160 239 0
160 247 0
160 249 0
160 255 0
160 259 0
160 263 0
160 271 0
160 279 0
160 289 0
160 291 0
160 295 0
160 299 0
160 305 0
160 307 0
160 325 0
160 327 0
160 331 0
160 355 0
160 361 0
160 385 0
160 397 0
160 399 0
160 403 0
161 2 0
161 8 0
161 28 0
161 32 0
161 36 0
161 44 0
161 46 0
161 50 0
161 54 0
161 66 0
161 68 0
161 72 0
161 74 0
161 82 0
161 96 0
161 100 0
161 104 0
161 110 0
161 112 0
161 114 0
161 116 0
161 118 0
161 120 0
161 124 0
161 132 0
161 136 0
161 140 0
161 162 0
161 166 0
161 170 0
161 172 0
161 180 0
161 192 0
161 196 0
161 208 0
161 214 0
161 230 0
161 234 0
161 240 0
161 242 0
161 260 0
161 266 0
161 268 0
161 270 0
161 276 0
161 278 0
161 290 0
161 296 0
161 298 0
161 308 0
161 316 0
161 322 0
161 328 0
161 332 0
161 356 0
161 358 0
161 372 0
161 382 0
161 384 0
161 400 0
162 15 0
162 17 0
162 25 0
162 29 0
162 33 0
162 37 0
162 39 0
162 41 0
162 43 0
162 49 0
162 53 0
162 65 0
162 71 0
162 77 0
162 83 0
162 87 0
162 97 0
162 105 0
162 107 0
162 111 0
162 121 0
162 125 0
162 129 0
162 133 0
162 153 0
162 155 0
162 157 0
162 159 0
162 163 0
162 189 0
162 193 0
162 203 0
162 211 0
162 213 0
162 215 0
162 219 0
162 223 0
162 225 0
162 231 0
162 235 0
162 241 0
162 249 0
162 257 0
162 259 0
162 263 0
162 275 0
162 283 0
162 305 0
162 319 0
162 325 0
162 329 0
162 333 0
162 361 0
162 371 0
162 373 0
162 377 0
162 391 0
162 393 0
162 395 0
162 397 0
162 401 0
162 403 0
163 4 0
163 8 0
163 14 0
163 16 0
163 22 0
163 24 0
163 26 0
163 34 0
163 46 0
163 48 0
163 68 0
163 74 0
163 78 0
163 84 0
163 92 0
163 96 0
163 106 0
163 110 0
163 126 0
163 132 0
163 134 0
163 136 0
163 140 0
163 168 0
163 172 0
163 174 0
163 182 0
163 184 0
163 186 0
163 188 0
163 190 0
163 196 0
163 198 0
163 200 0
163 204 0
163 206 0
163 208 0
163 210 0
163 212 0
163 220 0
163 226 0
163 232 0
163 234 0
163 236 0
163 248 0
163 254 0
163 258 0
163 260 0
163 266 0
163 282 0
163 300 0
163 304 0
163 308 0
163 326 0
163 330 0
163 334 0
163 358 0
163 380 0
163 382 0
163 386 0
163 388 0
163 390 0
163 396 0
163 402 0
164 1 0
164 27 0
164 37 0
164 43 0
164 53 0
164 65 0
164 67 0
164 75 0
164 77 0
164 85 0
164 91 0
164 95 0
164 103 0
164 111 0
164 113 0
164 115 0
164 117 0
164 119 0
164 127 0
164 129 0
164 137 0
164 153 0
164 155 0
164 165 0
164 167 0
164 171 0
164 177 0
164 183 0
164 185 0
164 213 0
164 215 0
164 217 0
164 227 0
164 237 0
164 249 0
164 259 0
164 261 0
164 265 0
164 267 0
164 269 0
164 271 0
164 277 0
164 279 0
164 281 0
164 283 0
164 285 0
164 287 0
164 315 0
164 319 0
164 321 0
164 327 0
164 331 0
164 355 0
164 357 0
164 361 0
164 363 0
164 371 0
164 373 0
164 377 0
164 379 0
164 385 0
164 397 0
164 399 0
164 403 0
165 4 0
165 8 0
165 14 0
165 16 0
165 24 0
165 28 0
165 34 0
165 44 0
165 46 0
165 48 0
165 64 0
165 66 0
165 78 0
165 86 0
165 90 0
165 96 0
165 98 0
165 100 0
165 102 0
165 104 0
165 120 0
165 128 0
165 130 0
165 132 0
165 140 0
165 164 0
165 168 0
165 172 0
165 174 0
165 180 0
165 204 0
165 210 0
165 218 0
165 222 0
165 226 0
165 230 0
165 234 0
165 238 0
165 240 0
165 258 0
165 262 0
165 264 0
165 268 0
165 270 0
165 276 0
165 290 0
165 300 0
165 304 0
165 314 0
165 326 0
165 328 0
165 332 0
165 334 0
165 358 0
165 378 0
165 382 0
165 384 0
165 400 0
166 13 0
166 21 0
166 23 0
166 29 0
166 31 0
166 35 0
166 41 0
166 53 0
166 57 0
166 63 0
166 69 0
166 71 0
166 75 0
166 87 0
166 91 0
166 107 0
166 109 0
166 115 0
166 121 0
166 127 0
166 133 0
166 153 0
166 157 0
166 163 0
166 167 0
166 183 0
166 185 0
166 187 0
166 195 0
166 197 0
166 199 0
166 205 0
166 207 0
166 223 0
166 235 0
166 241 0
166 249 0
166 257 0
166 271 0
166 275 0
166 287 0
166 289 0
166 291 0
166 293 0
166 295 0
166 303 0
166 307 0
166 313 0
166 315 0
166 319 0
166 321 0
166 329 0
166 355 0
166 357 0
166 361 0
166 377 0
166 381 0
166 389 0
166 391 0
166 401 0
167 2 0
167 8 0
167 16 0
167 24 0
167 32 0
167 42 0
167 48 0
167 68 0
167 72 0
167 78 0
167 92 0
167 96 0
167 98 0
167 100 0
167 102 0
167 104 0
167 110 0
167 114 0
167 154 0
167 160 0
167 162 0
167 164 0
167 168 0
167 170 0
167 178 0
167 180 0
167 182 0
167 192 0
167 210 0
167 226 0
167 230 0
167 238 0
167 248 0
167 258 0
167 268 0
167 274 0
167 280 0
167 286 0
167 296 0
167 298 0
167 300 0
167 302 0
167 330 0
167 332 0
167 340 0
167 354 0
167 360 0
167 362 0
167 366 0
167 368 0
167 386 0
167 390 0
167 392 0
168 13 0
168 21 0
168 23 0
168 39 0
168 49 0
168 53 0
168 57 0
168 63 0
168 67 0
168 73 0
168 75 0
168 87 0
168 89 0
168 93 0
168 105 0
168 107 0
168 109 0
168 121 0
168 127 0
168 133 0
168 137 0
168 139 0
168 141 0
168 155 0
168 161 0
168 165 0
168 167 0
168 173 0
168 175 0
168 183 0
168 191 0
168 199 0
168 205 0
168 209 0
168 213 0
168 215 0
168 229 0
168 231 0
168 235 0
168 237 0
168 239 0
168 241 0
168 247 0
168 253 0
168 255 0
168 261 0
168 263 0
168 265 0
168 281 0
168 287 0
168 289 0
168 293 0
168 305 0
168 319 0
168 321 0
168 323 0
168 325 0
168 327 0
168 335 0
168 339 0
168 355 0
168 357 0
168 369 0
168 377 0
168 381 0
168 385 0
168 389 0
168 391 0
168 393 0
168 397 0
168 401 0
169 2 0
169 8 0
169 16 0
169 30 0
169 36 0
169 66 0
169 78 0
169 88 0
169 96 0
169 98 0
169 102 0
169 112 0
169 114 0
169 130 0
169 134 0
169 136 0
169 164 0
169 176 0
169 178 0
169 180 0
169 190 0
169 206 0
169 208 0
169 216 0
169 218 0
169 230 0
169 236 0
169 252 0
169 256 0
169 258 0
169 268 0
169 274 0
169 316 0
169 328 0
169 354 0
169 362 0
169 366 0
169 380 0
169 386 0
169 394 0
169 396 0
169 400 0
169 402 0
170 9 0
170 13 0
170 23 0
170 31 0
170 33 0
170 37 0
170 39 0
170 43 0
170 45 0
170 49 0
170 57 0
170 63 0
170 73 0
170 77 0
170 85 0
170 89 0
170 93 0
170 101 0
170 105 0
170 107 0
170 109 0
170 111 0
170 115 0
170 121 0
170 127 0
170 129 0
170 163 0
170 173 0
170 187 0
170 195 0
170 199 0
170 211 0
170 213 0
170 221 0
170 227 0
170 231 0
170 237 0
170 243 0
170 251 0
170 263 0
170 267 0
170 275 0
170 281 0
170 283 0
170 293 0
170 295 0
170 297 0
170 301 0
170 303 0
170 319 0
170 323 0
170 329 0
170 333 0
170 335 0
170 339 0
170 359 0
170 369 0
170 375 0
170 379 0
170 399 0
170 405 0
171 2 0
171 14 0
171 16 0
171 20 0
171 26 0
171 28 0
171 34 0
171 42 0
171 50 0
171 66 0
171 84 0
171 98 0
171 116 0
171 120 0
171 134 0
171 136 0
171 142 0
171 158 0
171 160 0
171 162 0
171 168 0
171 170 0
171 172 0
171 176 0
171 182 0
171 184 0
171 196 0
171 198 0
171 204 0
171 214 0
171 216 0
171 222 0
171 232 0
171 236 0
171 256 0
171 258 0
171 264 0
171 276 0
171 278 0
171 280 0
171 286 0
171 288 0
171 292 0
171 298 0
171 306 0
171 308 0
171 316 0
171 322 0
171 338 0
171 348 0
171 354 0
171 358 0
171 384 0
171 394 0
171 398 0
171 400 0
171 402 0
172 9 0
172 13 0
172 25 0
172 37 0
172 39 0
172 43 0
172 45 0
172 57 0
172 63 0
172 73 0
172 89 0
172 97 0
172 105 0
172 107 0
172 109 0
172 119 0
172 127 0
172 141 0
172 145 0
172 147 0
172 161 0
172 167 0
172 175 0
172 179 0
172 181 0
172 201 0
172 205 0
172 207 0
172 209 0
172 219 0
172 223 0
172 227 0
172 229 0
172 233 0
172 239 0
172 241 0
172 243 0
172 253 0
172 259 0
172 267 0
172 269 0
172 277 0
172 281 0
172 291 0
172 295 0
172 301 0
172 303 0
172 309 0
172 313 0
172 317 0
172 329 0
172 333 0
172 335 0
172 347 0
172 349 0
172 353 0
172 355 0
172 357 0
172 361 0
172 375 0
172 377 0
172 379 0
172 383 0
172 385 0
172 391 0
172 395 0
172 405 0
173 4 0
173 6 0
173 10 0
173 14 0
173 16 0
173 20 0
173 22 0
173 26 0
173 28 0
173 32 0
173 34 0
173 50 0
173 54 0
173 58 0
173 68 0
173 72 0
173 76 0
173 84 0
173 88 0
173 98 0
173 108 0
173 110 0
173 112 0
173 122 0
173 124 0
173 130 0
173 134 0
173 138 0
173 140 0
173 148 0
173 156 0
173 158 0
173 166 0
173 174 0
173 178 0
173 184 0
173 194 0
173 202 0
173 212 0
173 220 0
173 224 0
173 230 0
173 234 0
173 240 0
173 246 0
173 248 0
173 256 0
173 264 0
173 266 0
173 270 0
173 292 0
173 296 0
173 298 0
173 300 0
173 306 0
173 312 0
173 320 0
173 328 0
173 332 0
173 338 0
173 352 0
173 354 0
173 360 0
173 380 0
173 384 0
173 392 0
173 396 0
173 398 0
173 400 0
173 402 0
174 7 0
174 17 0
174 29 0
174 33 0
174 35 0
174 37 0
174 39 0
174 47 0
174 51 0
174 69 0
174 71 0
174 75 0
174 89 0
174 101 0
174 103 0
174 113 0
174 127 0
174 131 0
174 133 0
174 139 0
174 143 0
174 145 0
174 149 0
174 155 0
174 157 0
174 159 0
174 165 0
174 173 0
174 181 0
174 199 0
174 203 0
174 215 0
174 221 0
174 225 0
174 231 0
174 245 0
174 251 0
174 261 0
174 263 0
174 271 0
174 273 0
174 281 0
174 291 0
174 293 0
174 305 0
174 309 0
174 311 0
174 321 0
174 327 0
174 337 0
174 351 0
174 359 0
174 373 0
174 393 0
174 395 0
174 405 0
175 2 0
175 8 0
175 14 0
175 20 0
175 22 0
175 46 0
175 54 0
175 58 0
175 64 0
175 70 0
175 74 0
175 84 0
175 90 0
175 104 0
175 114 0
175 116 0
175 118 0
175 120 0
175 122 0
175 136 0
175 142 0
175 152 0
175 154 0
175 158 0
175 162 0
175 172 0
175 178 0
175 184 0
175 190 0
175 192 0
175 196 0
175 198 0
175 204 0
175 210 0
175 218 0
175 226 0
175 232 0
175 236 0
175 256 0
175 258 0
175 262 0
175 266 0
175 276 0
175 278 0
175 286 0
175 290 0
175 294 0
175 300 0
175 306 0
175 318 0
175 322 0
175 324 0
175 326 0
175 332 0
175 334 0
175 336 0
175 340 0
175 342 0
175 346 0
175 350 0
175 358 0
175 372 0
175 388 0
175 390 0
175 400 0
176 9 0
176 15 0
176 17 0
176 23 0
176 25 0
176 33 0
176 35 0
176 37 0
176 39 0
176 47 0
176 55 0
176 59 0
176 65 0
176 73 0
176 85 0
176 91 0
176 105 0
176 109 0
176 111 0
176 119 0
176 121 0
176 123 0
176 133 0
176 135 0
176 139 0
176 145 0
176 149 0